780   3920.2577
874   3946.0971
879   3948.9789
927   3969.2570
1036  4005.2414
1150  4044.4179
1153  4045.8130
1173  4052.9208
1293  4103.9121
1358  4131.7235
1422  4158.5905
1435  4164.1795
1516  4198.3036
1521  4200.6745
1557  4216.1828
1608  4237.2198
1659  4259.3619
1689  4271.7593
1702  4277.5282
1756  4307.9015
1777  4315.0837
1830  4325.7615
1835  4331.1995
1862  4345.1680
1869  4348.0640
1878  4352.2049
1916  4367.8316
1935  4375.9294
1944  4379.6668
1954  4383.5445
1956  4385.0566
2054  4426.0011
2064  4430.1890
2086  4439.4614
2108  4448.8792
2138  4461.6521
2170  4474.7594
2186  4481.8107
2255  4510.7332
2282  4522.3230
2336  4545.0519
2418  4579.3495
2443  4589.8978
2457  4596.0967
2463  4598.7627
2489  4609.5673
2533  4628.4409
2555  4637.2328
2604  4657.9012
2710  4702.3161
2769  4726.8683
2781  4732.0532
2790  4735.9058
2859  4764.8646
2958  2806.0205
3058  4847.8095
3134  4879.8635
3155  4889.0422
3235  4920.5018
3263  4933.2091
3320  4957.5966
3338  4965.0795
3445  5009.3314
3464  5017.1628
3572  5062.0371
3640  5090.4951
3689  5110.3849
3764  5141.7827
3814  5167.4873
3824  5171.5953
3876  5187.7462
3926  5227.1697
3957  5269.5366
4034  5328.0376
